0.000000000000000000e+00
1.000000000000000000e+00
5.000000000000000000e+00
7.000000000000000000e+00
8.000000000000000000e+00
9.000000000000000000e+00
1.100000000000000000e+01
1.500000000000000000e+01
2.000000000000000000e+01
2.200000000000000000e+01
2.300000000000000000e+01
2.500000000000000000e+01
2.600000000000000000e+01
2.800000000000000000e+01
3.100000000000000000e+01
3.300000000000000000e+01
3.500000000000000000e+01
3.900000000000000000e+01
4.000000000000000000e+01
4.200000000000000000e+01
4.500000000000000000e+01
4.800000000000000000e+01
4.900000000000000000e+01
5.200000000000000000e+01
5.400000000000000000e+01
5.500000000000000000e+01
5.600000000000000000e+01
5.700000000000000000e+01
6.000000000000000000e+01
6.600000000000000000e+01
7.300000000000000000e+01
7.500000000000000000e+01
7.700000000000000000e+01
7.800000000000000000e+01
7.900000000000000000e+01
8.000000000000000000e+01
8.100000000000000000e+01
8.300000000000000000e+01
8.600000000000000000e+01
8.800000000000000000e+01
9.300000000000000000e+01
9.800000000000000000e+01
9.900000000000000000e+01
1.020000000000000000e+02
1.060000000000000000e+02
1.100000000000000000e+02
1.120000000000000000e+02
1.140000000000000000e+02
1.180000000000000000e+02
1.210000000000000000e+02
1.230000000000000000e+02
1.270000000000000000e+02
1.310000000000000000e+02
1.360000000000000000e+02
1.400000000000000000e+02
1.420000000000000000e+02
1.430000000000000000e+02
1.440000000000000000e+02
1.480000000000000000e+02
1.490000000000000000e+02
1.500000000000000000e+02
1.510000000000000000e+02
1.530000000000000000e+02
1.550000000000000000e+02
1.560000000000000000e+02
1.580000000000000000e+02
1.690000000000000000e+02
1.700000000000000000e+02
1.710000000000000000e+02
1.720000000000000000e+02
1.780000000000000000e+02
1.790000000000000000e+02
1.810000000000000000e+02
1.820000000000000000e+02
1.850000000000000000e+02
1.860000000000000000e+02
1.880000000000000000e+02
1.940000000000000000e+02
1.950000000000000000e+02
1.970000000000000000e+02
1.990000000000000000e+02
