5.000000000000000000e+00
6.000000000000000000e+00
8.000000000000000000e+00
1.000000000000000000e+01
1.200000000000000000e+01
1.600000000000000000e+01
1.700000000000000000e+01
2.700000000000000000e+01
3.500000000000000000e+01
3.700000000000000000e+01
3.900000000000000000e+01
4.300000000000000000e+01
4.400000000000000000e+01
4.600000000000000000e+01
6.200000000000000000e+01
6.500000000000000000e+01
6.600000000000000000e+01
6.800000000000000000e+01
6.900000000000000000e+01
7.200000000000000000e+01
7.400000000000000000e+01
7.900000000000000000e+01
8.300000000000000000e+01
8.500000000000000000e+01
8.800000000000000000e+01
9.600000000000000000e+01
9.700000000000000000e+01
1.000000000000000000e+02
1.020000000000000000e+02
1.160000000000000000e+02
1.170000000000000000e+02
1.210000000000000000e+02
1.240000000000000000e+02
1.280000000000000000e+02
1.320000000000000000e+02
1.400000000000000000e+02
1.430000000000000000e+02
1.500000000000000000e+02
1.510000000000000000e+02
1.530000000000000000e+02
1.550000000000000000e+02
1.570000000000000000e+02
1.620000000000000000e+02
1.660000000000000000e+02
1.670000000000000000e+02
1.690000000000000000e+02
1.710000000000000000e+02
1.780000000000000000e+02
1.830000000000000000e+02
1.930000000000000000e+02
