0.000000000000000000e+00
5.050921986170633926e-02
6.370572826660761412e-02
6.748897887556300212e-02
6.833995767197063864e-02
7.287412333898897476e-02
6.819535341310656307e-02
6.601777917460949219e-02
6.610702605287087363e-02
6.326611257586030324e-02
6.089030514372742453e-02
6.016156691593536193e-02
5.851289048339010368e-02
5.679196980754350199e-02
5.586271360815359827e-02
5.483997588886733304e-02
5.363718022793562828e-02
5.283771522062957748e-02
5.209921643259916857e-02
5.130612389898488168e-02
5.065975082355931441e-02
5.014964776496192572e-02
4.958299003254714593e-02
4.914374859590080885e-02
4.872408672649401751e-02
4.837887853618655365e-02
4.801900807458225201e-02
4.774718440451826418e-02
4.747309135648004885e-02
4.723004911617187385e-02
4.702230708433829259e-02
4.683416266382594423e-02
4.665425633052129595e-02
4.652060684335678625e-02
4.636021421180556989e-02
4.627782135268186658e-02
4.613673234415652247e-02
4.607788254777575587e-02
4.597238866789475631e-02
4.590588374670456773e-02
4.584941902501802474e-02
4.577227548271201041e-02
4.574239185085754444e-02
4.567740688038937624e-02
4.563902925961074719e-02
4.561834058896478000e-02
4.555258073985397893e-02
4.557379328493716547e-02
4.549788459725076506e-02
4.551893707096197478e-02
