0.000000000000000000e+00
9.442963330056206722e-03
1.195748368425641681e-02
6.062416170503024185e-03
3.773524563351969997e-03
2.169718165277266866e-03
3.534487297103481359e-03
3.990654205095407400e-03
3.243896843184227753e-03
4.157587093226683232e-03
4.582477885134997146e-03
4.172064689421266237e-03
4.748772733352741443e-03
5.054549607238367423e-03
4.798842385323562332e-03
5.137212528450441767e-03
5.331955547270620516e-03
5.153598353167931218e-03
5.331015878334045832e-03
5.434628363715135642e-03
5.292772455919863769e-03
5.364183747351368090e-03
5.400732453621540606e-03
5.277537968833996215e-03
5.281350902350753773e-03
5.269260420185831011e-03
5.152180877130288668e-03
5.108976755838835412e-03
5.059094230497116276e-03
4.941446557062983795e-03
4.867903446779952258e-03
4.793554035786722761e-03
4.676421453673070515e-03
4.585692175486827914e-03
4.496476381209796487e-03
4.380271508605812665e-03
4.279874583912014578e-03
4.181951962545689579e-03
4.067415718610702634e-03
3.962448639765692171e-03
3.859860751042074999e-03
3.747029669041085365e-03
3.640378379287835618e-03
3.536727614833054621e-03
3.428087395832786488e-03
3.324527171545157284e-03
3.224344159926454973e-03
3.121903996233627802e-03
3.022912782432569251e-03
2.926398501691889614e-03
