0.000000000000000000e+00
8.093514473488444549e-02
1.069307351434210240e-01
8.495775594070274772e-02
7.004016197599466365e-02
6.038691810240036373e-02
5.661947846599914291e-02
5.411767860524281659e-02
5.096777194874124728e-02
4.920567615152253438e-02
4.724938079256120471e-02
4.491205826267948703e-02
4.283787427957058691e-02
4.063711177304886457e-02
3.839948331583532132e-02
3.630425265646984589e-02
3.425013593265040235e-02
3.229309727023636084e-02
3.047700489797782603e-02
2.877769352199100947e-02
2.721077071356366867e-02
2.577242257536230957e-02
2.445154057102085637e-02
2.325053176669440030e-02
2.216047726814038277e-02
2.117142718304357296e-02
2.027711451912633800e-02
1.946870317265057826e-02
1.873930846118254667e-02
1.808355378379955525e-02
1.749409131445684579e-02
1.696329901929331113e-02
1.648673386530482426e-02
1.605954938741084581e-02
1.567536702938024731e-02
1.533040522607002562e-02
1.502090205669570286e-02
1.474182596845722247e-02
1.449110083009810118e-02
1.426655099515857991e-02
1.406424455225580884e-02
1.388249107727271975e-02
1.371979930361200140e-02
1.357334003330486205e-02
1.344151317224098752e-02
1.332306396286430175e-02
1.321574254759986036e-02
1.311844333558670299e-02
1.303048497020870347e-02
1.295063901119351997e-02
