0.000000000000000000e+00
1.020408163265306145e+00
2.040816326530612290e+00
3.061224489795918657e+00
4.081632653061224580e+00
5.102040816326530503e+00
6.122448979591837315e+00
7.142857142857143238e+00
8.163265306122449161e+00
9.183673469387755972e+00
1.020408163265306101e+01
1.122448979591836782e+01
1.224489795918367463e+01
1.326530612244897966e+01
1.428571428571428648e+01
1.530612244897959151e+01
1.632653061224489832e+01
1.734693877551020336e+01
1.836734693877551194e+01
1.938775510204081698e+01
2.040816326530612201e+01
2.142857142857143060e+01
2.244897959183673564e+01
2.346938775510204067e+01
2.448979591836734926e+01
2.551020408163265429e+01
2.653061224489795933e+01
2.755102040816326436e+01
2.857142857142857295e+01
2.959183673469387799e+01
3.061224489795918302e+01
3.163265306122449161e+01
3.265306122448979664e+01
3.367346938775510523e+01
3.469387755102040671e+01
3.571428571428571530e+01
3.673469387755102389e+01
3.775510204081632537e+01
3.877551020408163396e+01
3.979591836734694255e+01
4.081632653061224403e+01
4.183673469387755262e+01
4.285714285714286120e+01
4.387755102040816269e+01
4.489795918367347127e+01
4.591836734693877986e+01
4.693877551020408134e+01
4.795918367346938993e+01
4.897959183673469852e+01
5.000000000000000000e+01
