9.152102400000000000e+07
9.185280000000000000e+07
9.292185600000000000e+07
9.292185600000000000e+07
9.292185600000000000e+07
9.292185600000000000e+07
9.292185600000000000e+07
9.292185600000000000e+07
9.292185600000000000e+07
9.292185600000000000e+07
9.292185600000000000e+07
9.292185600000000000e+07
9.292185600000000000e+07
9.292185600000000000e+07
9.292185600000000000e+07
9.292185600000000000e+07
9.292185600000000000e+07
9.292185600000000000e+07
9.292185600000000000e+07
9.292185600000000000e+07
9.292185600000000000e+07
9.292185600000000000e+07
9.292185600000000000e+07
9.292185600000000000e+07
9.292185600000000000e+07
9.292185600000000000e+07
9.292185600000000000e+07
9.292185600000000000e+07
9.292185600000000000e+07
9.292185600000000000e+07
9.324134400000000000e+07
9.324134400000000000e+07
9.324134400000000000e+07
9.324134400000000000e+07
9.324134400000000000e+07
9.324134400000000000e+07
9.324134400000000000e+07
9.324134400000000000e+07
9.324134400000000000e+07
9.324134400000000000e+07
9.324134400000000000e+07
9.324134400000000000e+07
9.324134400000000000e+07
9.324134400000000000e+07
9.324134400000000000e+07
9.324134400000000000e+07
9.324134400000000000e+07
9.324134400000000000e+07
9.324134400000000000e+07
9.324134400000000000e+07
9.324134400000000000e+07
9.324134400000000000e+07
9.324134400000000000e+07
9.324134400000000000e+07
9.324134400000000000e+07
9.324134400000000000e+07
9.324134400000000000e+07
9.324134400000000000e+07
9.324134400000000000e+07
9.324134400000000000e+07
9.324134400000000000e+07
9.324134400000000000e+07
9.324134400000000000e+07
9.324134400000000000e+07
9.324134400000000000e+07
9.324134400000000000e+07
9.324134400000000000e+07
9.324134400000000000e+07
9.324134400000000000e+07
9.324134400000000000e+07
9.324134400000000000e+07
9.324134400000000000e+07
9.324134400000000000e+07
9.324134400000000000e+07
9.349120000000000000e+07
9.349120000000000000e+07
9.349120000000000000e+07
9.349120000000000000e+07
9.349120000000000000e+07
9.349120000000000000e+07
9.349120000000000000e+07
9.349120000000000000e+07
9.349120000000000000e+07
9.349120000000000000e+07
9.349120000000000000e+07
9.349120000000000000e+07
9.349120000000000000e+07
9.349120000000000000e+07
9.349120000000000000e+07
9.349120000000000000e+07
9.349120000000000000e+07
9.349120000000000000e+07
9.349120000000000000e+07
9.349120000000000000e+07
9.349120000000000000e+07
9.349120000000000000e+07
9.349120000000000000e+07
9.349120000000000000e+07
9.349120000000000000e+07
9.349120000000000000e+07
9.349120000000000000e+07
9.349120000000000000e+07
9.349120000000000000e+07
9.349120000000000000e+07
9.349120000000000000e+07
9.349120000000000000e+07
9.349120000000000000e+07
9.349120000000000000e+07
9.349120000000000000e+07
9.349120000000000000e+07
9.349120000000000000e+07
9.349120000000000000e+07
9.349120000000000000e+07
9.349120000000000000e+07
9.349120000000000000e+07
9.349120000000000000e+07
9.349120000000000000e+07
9.349120000000000000e+07
9.349120000000000000e+07
9.349120000000000000e+07
9.349120000000000000e+07
9.349120000000000000e+07
9.349120000000000000e+07
9.349120000000000000e+07
9.349120000000000000e+07
9.349120000000000000e+07
9.349120000000000000e+07
9.349120000000000000e+07
9.349120000000000000e+07
9.349120000000000000e+07
9.373696000000000000e+07
9.373696000000000000e+07
9.373696000000000000e+07
9.373696000000000000e+07
9.373696000000000000e+07
9.373696000000000000e+07
9.373696000000000000e+07
9.373696000000000000e+07
9.373696000000000000e+07
9.373696000000000000e+07
9.373696000000000000e+07
9.373696000000000000e+07
9.373696000000000000e+07
9.373696000000000000e+07
9.373696000000000000e+07
9.373696000000000000e+07
9.373696000000000000e+07
9.373696000000000000e+07
9.373696000000000000e+07
9.373696000000000000e+07
9.373696000000000000e+07
9.373696000000000000e+07
9.373696000000000000e+07
9.373696000000000000e+07
9.373696000000000000e+07
9.373696000000000000e+07
9.373696000000000000e+07
9.373696000000000000e+07
9.373696000000000000e+07
9.373696000000000000e+07
9.373696000000000000e+07
9.373696000000000000e+07
9.373696000000000000e+07
9.373696000000000000e+07
9.373696000000000000e+07
9.373696000000000000e+07
9.373696000000000000e+07
9.373696000000000000e+07
9.373696000000000000e+07
9.373696000000000000e+07
9.373696000000000000e+07
9.373696000000000000e+07
9.373696000000000000e+07
9.373696000000000000e+07
9.373696000000000000e+07
9.373696000000000000e+07
9.373696000000000000e+07
9.373696000000000000e+07
9.373696000000000000e+07
9.373696000000000000e+07
9.373696000000000000e+07
9.373696000000000000e+07
9.373696000000000000e+07
9.373696000000000000e+07
9.373696000000000000e+07
9.373696000000000000e+07
9.373696000000000000e+07
9.400729600000000000e+07
9.400729600000000000e+07
9.400729600000000000e+07
9.400729600000000000e+07
9.400729600000000000e+07
9.400729600000000000e+07
9.400729600000000000e+07
9.400729600000000000e+07
9.400729600000000000e+07
9.400729600000000000e+07
9.400729600000000000e+07
9.400729600000000000e+07
9.400729600000000000e+07
