0.000000000000000000e+00
1.000000000000000000e+00
2.000000000000000000e+00
4.000000000000000000e+00
6.000000000000000000e+00
7.000000000000000000e+00
9.000000000000000000e+00
1.500000000000000000e+01
1.800000000000000000e+01
2.000000000000000000e+01
2.400000000000000000e+01
2.500000000000000000e+01
2.600000000000000000e+01
3.000000000000000000e+01
3.200000000000000000e+01
3.600000000000000000e+01
4.900000000000000000e+01
5.200000000000000000e+01
5.300000000000000000e+01
5.500000000000000000e+01
5.600000000000000000e+01
5.700000000000000000e+01
6.200000000000000000e+01
6.400000000000000000e+01
6.900000000000000000e+01
7.900000000000000000e+01
8.400000000000000000e+01
8.600000000000000000e+01
9.200000000000000000e+01
9.300000000000000000e+01
9.800000000000000000e+01
1.020000000000000000e+02
1.090000000000000000e+02
1.140000000000000000e+02
1.180000000000000000e+02
1.200000000000000000e+02
1.230000000000000000e+02
1.260000000000000000e+02
1.280000000000000000e+02
1.400000000000000000e+02
1.430000000000000000e+02
1.440000000000000000e+02
1.490000000000000000e+02
1.580000000000000000e+02
1.590000000000000000e+02
1.640000000000000000e+02
1.650000000000000000e+02
1.780000000000000000e+02
1.790000000000000000e+02
1.850000000000000000e+02
1.860000000000000000e+02
1.870000000000000000e+02
1.980000000000000000e+02
1.990000000000000000e+02
