0.000000000000000000e+00
1.000000000000000000e+00
5.000000000000000000e+00
1.200000000000000000e+01
2.100000000000000000e+01
2.200000000000000000e+01
2.300000000000000000e+01
2.400000000000000000e+01
2.500000000000000000e+01
2.800000000000000000e+01
2.900000000000000000e+01
3.300000000000000000e+01
4.500000000000000000e+01
4.700000000000000000e+01
4.900000000000000000e+01
5.000000000000000000e+01
5.100000000000000000e+01
5.500000000000000000e+01
5.600000000000000000e+01
5.700000000000000000e+01
5.900000000000000000e+01
6.000000000000000000e+01
6.300000000000000000e+01
6.400000000000000000e+01
6.700000000000000000e+01
6.900000000000000000e+01
7.200000000000000000e+01
7.400000000000000000e+01
7.500000000000000000e+01
8.400000000000000000e+01
8.800000000000000000e+01
9.000000000000000000e+01
1.000000000000000000e+02
1.020000000000000000e+02
1.060000000000000000e+02
1.120000000000000000e+02
1.190000000000000000e+02
1.200000000000000000e+02
1.210000000000000000e+02
1.230000000000000000e+02
1.240000000000000000e+02
1.250000000000000000e+02
1.330000000000000000e+02
1.350000000000000000e+02
1.360000000000000000e+02
1.370000000000000000e+02
1.400000000000000000e+02
1.500000000000000000e+02
1.530000000000000000e+02
1.580000000000000000e+02
1.600000000000000000e+02
1.630000000000000000e+02
1.660000000000000000e+02
1.700000000000000000e+02
1.730000000000000000e+02
1.750000000000000000e+02
1.850000000000000000e+02
1.920000000000000000e+02
1.960000000000000000e+02
1.990000000000000000e+02
