0.000000000000000000e+00
4.473433322527556322e-02
1.589635278655867484e-02
1.204632167147998666e-02
1.930039699000211245e-02
3.119001691034890139e-02
3.651128666451400329e-02
3.864126179259431276e-02
4.104230617891984484e-02
4.308041932831540438e-02
4.422894865328349384e-02
4.449376827505790999e-02
4.447478844243241136e-02
4.476844604856725779e-02
4.494048605247552564e-02
4.484292878891053824e-02
4.462376396541691687e-02
4.458208701100113691e-02
4.449827976858580780e-02
4.435999474832294509e-02
4.419307116262435192e-02
4.406713957673479704e-02
4.394001346133710739e-02
4.381642986583678123e-02
4.368062772775095637e-02
4.355037372432681714e-02
4.343608382883897001e-02
4.332369436156618958e-02
4.320820776973784832e-02
4.309907759622610968e-02
4.299945938420861313e-02
4.290048202326738475e-02
4.280623518734931465e-02
4.271625801842618420e-02
4.263019003254287648e-02
4.254772572476793469e-02
4.246961562594704642e-02
4.239371277465666527e-02
4.232140676407322027e-02
4.225290504589519075e-02
4.218715760833898626e-02
4.212421681286690478e-02
4.206461899386598063e-02
4.200773613747870588e-02
4.195332715629635639e-02
4.190159107178108300e-02
4.185207057597538360e-02
4.180460828816298657e-02
4.175927632362454178e-02
4.171597025883581888e-02
