9.052979200000000000e+07
9.075507200000000000e+07
9.075507200000000000e+07
9.075507200000000000e+07
9.075507200000000000e+07
9.075507200000000000e+07
9.075507200000000000e+07
9.075507200000000000e+07
9.075507200000000000e+07
9.075507200000000000e+07
9.147187200000000000e+07
9.147187200000000000e+07
9.147187200000000000e+07
9.147187200000000000e+07
9.147187200000000000e+07
9.147187200000000000e+07
9.147187200000000000e+07
9.147187200000000000e+07
9.147187200000000000e+07
9.147187200000000000e+07
9.147187200000000000e+07
9.147187200000000000e+07
9.147187200000000000e+07
9.147187200000000000e+07
9.147187200000000000e+07
9.147187200000000000e+07
9.147187200000000000e+07
9.147187200000000000e+07
9.170534400000000000e+07
9.170534400000000000e+07
9.170534400000000000e+07
9.170534400000000000e+07
9.170534400000000000e+07
9.170534400000000000e+07
9.170534400000000000e+07
9.170534400000000000e+07
9.170534400000000000e+07
9.170534400000000000e+07
9.170534400000000000e+07
9.170534400000000000e+07
9.170534400000000000e+07
9.170534400000000000e+07
9.170534400000000000e+07
9.170534400000000000e+07
9.170534400000000000e+07
9.170534400000000000e+07
9.170534400000000000e+07
9.170534400000000000e+07
9.170534400000000000e+07
9.170534400000000000e+07
9.170534400000000000e+07
9.170534400000000000e+07
9.170534400000000000e+07
9.170534400000000000e+07
9.170534400000000000e+07
9.170534400000000000e+07
9.170534400000000000e+07
9.170534400000000000e+07
9.170534400000000000e+07
9.170534400000000000e+07
9.170534400000000000e+07
9.170534400000000000e+07
9.170534400000000000e+07
9.170534400000000000e+07
9.170534400000000000e+07
9.170534400000000000e+07
9.170534400000000000e+07
9.170534400000000000e+07
9.170534400000000000e+07
9.170534400000000000e+07
9.195520000000000000e+07
9.195520000000000000e+07
9.195520000000000000e+07
9.195520000000000000e+07
9.195520000000000000e+07
9.195520000000000000e+07
9.195520000000000000e+07
9.195520000000000000e+07
9.195520000000000000e+07
9.195520000000000000e+07
9.195520000000000000e+07
9.195520000000000000e+07
9.195520000000000000e+07
9.195520000000000000e+07
9.195520000000000000e+07
9.195520000000000000e+07
9.195520000000000000e+07
9.195520000000000000e+07
9.195520000000000000e+07
9.195520000000000000e+07
9.195520000000000000e+07
9.195520000000000000e+07
9.195520000000000000e+07
9.195520000000000000e+07
9.195520000000000000e+07
9.195520000000000000e+07
9.195520000000000000e+07
9.195520000000000000e+07
9.195520000000000000e+07
9.195520000000000000e+07
9.195520000000000000e+07
9.195520000000000000e+07
9.195520000000000000e+07
9.195520000000000000e+07
9.195520000000000000e+07
9.195520000000000000e+07
9.195520000000000000e+07
9.195520000000000000e+07
9.195520000000000000e+07
9.195520000000000000e+07
9.195520000000000000e+07
9.195520000000000000e+07
9.195520000000000000e+07
9.195520000000000000e+07
9.195520000000000000e+07
9.195520000000000000e+07
9.195520000000000000e+07
9.195520000000000000e+07
9.195520000000000000e+07
9.195520000000000000e+07
9.195520000000000000e+07
9.195520000000000000e+07
9.195520000000000000e+07
9.195520000000000000e+07
9.195520000000000000e+07
9.220096000000000000e+07
9.220096000000000000e+07
9.220096000000000000e+07
9.220096000000000000e+07
9.220096000000000000e+07
9.220096000000000000e+07
9.220096000000000000e+07
9.220096000000000000e+07
9.220096000000000000e+07
9.220096000000000000e+07
9.220096000000000000e+07
9.220096000000000000e+07
9.220096000000000000e+07
9.220096000000000000e+07
9.220096000000000000e+07
9.220096000000000000e+07
9.220096000000000000e+07
9.220096000000000000e+07
9.220096000000000000e+07
9.220096000000000000e+07
9.220096000000000000e+07
9.220096000000000000e+07
9.220096000000000000e+07
9.220096000000000000e+07
9.220096000000000000e+07
9.220096000000000000e+07
9.220096000000000000e+07
9.220096000000000000e+07
9.220096000000000000e+07
9.220096000000000000e+07
9.220096000000000000e+07
9.220096000000000000e+07
9.220096000000000000e+07
9.220096000000000000e+07
9.220096000000000000e+07
9.220096000000000000e+07
9.220096000000000000e+07
9.220096000000000000e+07
9.220096000000000000e+07
9.220096000000000000e+07
9.220096000000000000e+07
9.220096000000000000e+07
9.220096000000000000e+07
9.220096000000000000e+07
9.220096000000000000e+07
9.220096000000000000e+07
9.220096000000000000e+07
9.220096000000000000e+07
9.220096000000000000e+07
9.220096000000000000e+07
9.220096000000000000e+07
9.220096000000000000e+07
9.220096000000000000e+07
9.220096000000000000e+07
9.220096000000000000e+07
9.220096000000000000e+07
9.220096000000000000e+07
9.220096000000000000e+07
9.220096000000000000e+07
9.220096000000000000e+07
9.220096000000000000e+07
9.220096000000000000e+07
9.220096000000000000e+07
9.220096000000000000e+07
9.220096000000000000e+07
9.220096000000000000e+07
9.247129600000000000e+07
9.247129600000000000e+07
9.247129600000000000e+07
9.247129600000000000e+07
9.247129600000000000e+07
9.247129600000000000e+07
9.247129600000000000e+07
9.247129600000000000e+07
9.247129600000000000e+07
