4.000000000000000000e+00
1.600000000000000000e+01
1.700000000000000000e+01
1.900000000000000000e+01
2.100000000000000000e+01
2.200000000000000000e+01
2.300000000000000000e+01
3.000000000000000000e+01
3.500000000000000000e+01
4.600000000000000000e+01
4.800000000000000000e+01
5.400000000000000000e+01
5.600000000000000000e+01
6.700000000000000000e+01
7.300000000000000000e+01
7.600000000000000000e+01
7.700000000000000000e+01
7.800000000000000000e+01
8.200000000000000000e+01
8.300000000000000000e+01
8.800000000000000000e+01
1.010000000000000000e+02
1.160000000000000000e+02
1.180000000000000000e+02
1.260000000000000000e+02
1.370000000000000000e+02
1.460000000000000000e+02
1.480000000000000000e+02
1.510000000000000000e+02
1.520000000000000000e+02
1.580000000000000000e+02
1.590000000000000000e+02
1.600000000000000000e+02
1.690000000000000000e+02
1.730000000000000000e+02
