1.000000000000000000e+01
1.600000000000000000e+01
1.700000000000000000e+01
1.900000000000000000e+01
3.100000000000000000e+01
4.500000000000000000e+01
5.000000000000000000e+01
6.500000000000000000e+01
8.000000000000000000e+01
8.100000000000000000e+01
8.200000000000000000e+01
9.000000000000000000e+01
9.800000000000000000e+01
1.050000000000000000e+02
1.120000000000000000e+02
1.190000000000000000e+02
1.390000000000000000e+02
1.420000000000000000e+02
1.450000000000000000e+02
1.510000000000000000e+02
1.520000000000000000e+02
1.610000000000000000e+02
1.740000000000000000e+02
1.950000000000000000e+02
